'lean Rep' 'lean Dem'
40	48
44	47
44	45
40	44
42	47
44	44
39	49
38	48
46	44
35	50
41	45
39	46
39	46
45	47
43	46
40	48
43	49
45	44
41	48
38	47
41	49
43	48
44	43
41	42
43	48
43	46
40	44
44	49
44	45
41	48
43	43
42	48
41	48
47	46
43	47
41	49
40	48
43	46
42	48
44	45
41	46
42	44
43	44
45	44
43	45
41	47
43	45
42	45
38	47
44	42
43	44
44	43
41	45
47	41
41	46
47	41
44	48
47	42
42	46
40	42
44	44
40	47
41	48
41	43
42	47
40	47
40	45
42	44
39	45
38	48
41	47
41	44
40	46
43	46
43	46
41	48
40	49
41	48
42	48
40	49
39	47
36	53
41	49
44	46
39	50
40	50
42	50
43	50
42	51
46	49
41	44
47	45
41	46
42	44
45	46
41	47
43	47
41	46
45	45
44	45
44	47
45	45
43	43
41	50
45	43
40	49
48	44
47	40
44	50
42	47
47	44
47	42
43	46
46	46
46	43
42	46
45	43
44	49
47	43
45	44
48	44
49	42
44	47
43	44
43	45
45	43
43	44
43	44
44	43
48	42
47	45
43	44
44	42
41	46
42	47
43	48
45	44
42	46
46	46
44	45
45	46
43	48
43	49
41	47
43	46
43	47
43	49
43	47
41	48
42	50
41	48
39	48
45	45
39	50
34	53
40	51
35	53
39	51
39	51
38	53
41	51
35	52
39	51
37	55
40	51
45	48
41	52
40	50
40	50
43	50
47	48
40	53
40	50
41	48
37	47
40	51
41	49
39	53
40	52
42	53
39	56
36	55
41	53
38	53
38	53
38	54
39	54
40	51
39	52
39	51
38	52
41	44
42	48
35	49
38	54
39	52
40	48
39	54
38	52
41	47
40	48
40	49
37	53
37	53
42	48
39	52
41	49
42	52
42	49
41	51
41	48
39	52
40	52
37	54
38	52
41	53
40	53
40	53
40	50
34	56
39	49
39	54
38	48
37	56
42	50
40	51
43	48
39	51
40	52
39	49
40	49
38	55
42	50
43	50
39	48
40	48
38	49
40	54
39	50
41	53
38	48
41	52
41	50
42	49
44	45
42	51
44	46
45	48
39	47
43	48
43	48
44	46
41	48
41	52
44	46
42	47
41	50
45	49
39	52
43	47
38	53
44	48
44	47
42	50
38	50
44	45
44	46
39	51
43	49
41	50
37	51
42	49
43	47
45	45
43	43
40	51
45	48
44	47
43	49
46	46
42	50
48	43
46	46
48	45
46	43
44	50
52	41
45	46
43	49
45	48
45	48
48	45
50	43
48	48
44	49
46	49
50	46
46	48
46	48
45	49
50	44
47	47
49	46
46	46
47	47
46	49
46	47
43	49
43	50
43	49
42	49
42	50
44	50
44	48
44	48
46	45
42	49
44	50
43	50
45	48
46	47
44	51
43	49
45	46
48	46