'rep' 'ind' 'dem'
28	39	30
26	44	27
28	43	27
26	41	30
27	43	29
26	43	29
24	45	29
23	45	29
28	42	27
22	44	32
25	46	27
25	42	30
24	42	31
29	40	30
28	41	28
25	45	28
26	42	30
29	40	28
25	44	28
26	42	30
31	37	31
28	44	25
28	39	29
27	40	30
27	36	31
27	36	32
27	40	32
29	38	31
27	38	31
28	42	28
28	39	31
27	41	30
27	45	28
31	37	30
25	44	31
26	38	32
30	37	30
29	39	31
26	44	29
27	40	30
28	39	30
25	42	29
27	43	27
27	41	31
23	46	28
25	41	31
26	41	30
24	42	31
27	44	28
25	43	29
29	42	28
27	40	31
28	41	28
26	39	32
33	35	29
26	42	30
25	47	26
26	40	31
23	45	29
24	46	28
24	43	31
23	43	32
25	42	29
25	42	30
23	45	30
24	45	29
24	44	30
23	46	28
20	47	30
22	45	31
24	43	31
25	42	31
26	41	31
26	41	31
28	39	32
26	40	33
27	36	35
28	38	32
27	38	33
27	36	34
25	35	38
25	39	34
29	37	31
27	38	32
28	38	33
30	33	35
28	38	32
27	36	35
28	41	31
26	42	29
28	41	30
27	41	30
30	39	30
27	44	29
28	38	32
29	41	29
27	42	30
27	43	29
27	43	29
27	42	30
30	42	27
25	45	28
27	35	36
26	41	31
21	46	32
25	44	30
28	44	26
24	42	34
25	42	30
29	39	30
30	38	29
29	37	32
31	36	32
26	42	30
25	40	32
29	39	29
28	40	31
28	42	28
29	37	31
33	34	32
29	40	29
26	41	31
29	36	32
29	34	33
30	36	30
30	34	33
29	37	30
30	34	32
30	41	28
28	41	30
29	40	30
30	37	31
26	40	30
28	33	36
28	40	30
30	36	32
26	42	29
28	40	31
29	39	30
27	40	33
28	36	34
29	36	33
25	41	32
27	38	33
26	40	33
28	36	35
28	35	35
26	39	33
29	33	37
29	37	32
26	37	35
32	34	32
27	36	36
24	40	35
28	35	35
25	35	38
27	36	34
29	36	33
27	35	36
30	33	36
26	35	37
27	33	37
26	35	39
28	37	33
33	32	34
30	33	35
27	38	33
28	35	35
32	31	35
30	34	35
27	37	36
31	32	35
29	33	36
27	35	35
30	35	34
29	36	33
26	36	37
27	35	37
27	37	36
25	38	36
26	35	37
29	33	38
28	37	34
29	34	36
26	34	40
28	34	37
29	36	35
28	38	34
30	35	34
27	39	33
30	36	32
28	41	31
27	38	33
25	41	34
24	43	31
28	38	32
28	38	33
26	41	32
28	40	30
27	43	30
29	37	32
25	43	31
27	38	34
31	36	31
27	38	34
27	40	33
29	36	34
30	36	34
29	36	33
31	35	32
27	37	35
26	41	32
26	37	35
30	32	36
28	40	32
27	42	31
30	34	35
29	36	34
24	40	35
31	32	34
29	34	35
28	35	34
29	31	38
31	34	34
30	33	35
33	32	34
31	31	36
32	29	38
29	37	33
31	33	34
26	36	37
35	27	37
30	35	34
30	36	34
29	35	34
29	37	32
30	35	34
31	33	35
31	33	35
28	36	33
32	33	34
32	31	35
30	39	31
33	34	30
32	32	34
34	34	31
34	33	32
29	36	32
31	36	32
30	38	31
36	31	31
33	30	34
31	34	34
32	33	33
32	37	30
33	30	35
34	33	33
30	33	36
32	34	33
30	33	36
30	37	31
33	34	32
32	32	35
29	34	35
33	30	35
33	35	31
28	37	33
32	31	36
30	33	35
29	31	38
33	32	34
33	31	34
33	34	31
33	34	31
29	33	36
35	30	34
34	34	31
35	29	35
35	33	31
32	29	37
35	31	32
35	31	32
38	27	34
37	31	29
34	30	35
37	35	28
33	36	30
35	29	36
37	27	35
33	30	35
37	29	32
38	31	30
38	27	35
34	27	37
35	29	36
38	29	33
33	32	35
35	30	34
36	27	37
39	28	31
37	29	33
37	29	34
35	32	32
36	29	34
35	28	36
37	28	34
35	27	36
32	33	34
33	31	35
33	31	34
32	32	33
32	31	36
32	32	34
34	30	34
36	30	32
31	35	33
33	31	35
30	39	31
32	35	32
33	36	30
31	35	33
32	33	34
33	35	31
32	40	28